2.31450796127
11.1224839687
16.6934731007
11.1076889038
3.17020201683
3.22599387169
3.52838301659
13.9143509865
6.4115459919
21.4047648907
6.77553701401
5.95813202858
9.10126209259
3.17831015587
3.22398686409
15.4703071117
2.41060304642
5.95848584175
2.3610329628
7.58217287064
14.28591609
9.10992789268
6.40387892723
6.30650687218
7.63190984726
9.91020298004
6.28386497498
18.267524004
3.57866692543
15.1219069958
10.7250480652
3.63015890121
22.2073569298
13.9079282284
11.531730175
17.4480922222
6.7597899437
13.5454690456
2.3633980751
1.96025681496
13.9071850777
13.1026670933
3.17549300194
5.96172404289
11.178139925
6.30756807327
7.62634992599
25.8158788681
3.9799349308
9.44758915901
29.808027029
10.7163479328
17.5687777996
2.71627402306
3.58360981941
17.8518300056
5.96192288399
9.15182900429
2.76789498329
17.0926830769
23.8311750889
2.76559996605
7.97829389572
7.12287592888
3.98600316048
6.77186107635
17.498030901
13.4431750774
10.7687568665
9.91403102875
9.15710401535
2.76784801483
10.3164288998
3.57736611366
7.58381795883
1.5566470623
3.98907423019
32.9397890568
7.57894396782
9.95689606667
2.36361098289
11.1715581417
10.262501955
7.9343559742
21.503786087
3.98449492455
29.80615592
7.48171710968
25.0629389286
1.55818200111
17.5230219364
9.96245193481
17.8652160168
25.8412399292
3.94146895409
5.97898197174
18.2529041767
17.8655490875
2.36439394951
7.17813110352
