2.00450921059
2.41987705231
2.36461091042
17.4979000092
7.47715401649
17.8566491604
7.97871518135
2.77259397507
11.1255419254
2.81922197342
15.4828169346
6.71926999092
33.4168219566
1.95719695091
11.1087360382
14.3844211102
10.6667661667
1.95814919472
3.57956504822
7.62966990471
30.1489589214
3.12429523468
6.00594782829
14.7169880867
17.4746217728
1.55532193184
9.90852594376
6.81742501259
3.58168697357
9.95673918724
25.3591299057
5.95564007759
2.82191205025
49.2657339573
7.98075890541
2.31407284737
25.0171840191
36.5699911118
29.824393034
17.8418829441
17.0882809162
5.94554805756
14.3528840542
3.98300600052
28.5614988804
3.21970796585
10.2963690758
3.62939095497
6.31437802315
15.053686142
3.98398113251
6.41314387321
3.52831792831
28.9931480885
2.01212716103
16.686398983
14.3253369331
22.2549669743
11.8820240498
14.3092110157
11.1759800911
18.2183849812
3.60786986351
17.8644518852
2.77278804779
11.1761801243
10.2594499588
36.1359629631
28.6419410706
6.72358202934
21.5029900074
10.315778017
1.95872306824
25.04804492
10.72341609
9.90702605247
9.95405101776
21.5029499531
11.4323301315
14.7205820084
3.63064193726
7.47790384293
14.3692278862
10.2675309181
3.63566493988
2.36126899719
45.3416359425
5.96138310432
18.2221848965
3.62824296951
13.4509851933
3.93674492836
6.77043700218
13.910629034
21.8468940258
11.1302261353
64.0355699062
3.92914199829
9.95652389526
3.98250699043
