3.93578505516
5.96239495277
3.92772102356
6.01281189919
15.3756830692
2.46541905403
4.03287220001
27.2851991653
2.46951007843
3.93362903595
2.76894593239
7.17578291893
3.98343801498
1.55341410637
6.41687679291
21.8134570122
13.8979120255
9.9587161541
17.9043869972
9.458578825
2.76530098915
9.95331478119
1.19827008247
1.96146607399
6.41480398178
1.50675797462
14.7121930122
23.036883831
10.3846030235
3.98380684853
2.31449794769
44.8976409435
7.93445706367
6.00953197479
24.9960229397
12.739508152
2.41574597359
7.95399403572
5.96387887001
2.36124491692
3.58048701286
7.99046087265
2.30998206139
3.58127117157
4.02859187126
5.49765396118
14.7161431313
7.57812404633
2.31317996979
3.68009710312
9.91572093964
9.91313481331
3.47931694984
2.46532893181
1.55533194542
14.3614218235
3.9853579998
9.90764093399
6.67249417305
14.7174170017
5.95875096321
10.4146749973
3.93496608734
3.99034810066
3.98219799995
6.66369700432
3.22405791283
6.35027313232
19.4858469963
3.98308491707
2.30781698227
3.67919397354
2.31440186501
7.12269616127
2.45766806602
33.8032529354
2.6663172245
1.60711884499
9.95253705978
3.12687706947
2.81849718094
1.96058297157
19.0746030807
6.46667695045
1.50799202919
18.3182489872
3.98432707787
7.93526101112
2.31488084793
9.60464596748
3.47943496704
3.2229821682
8.7496240139
30.5678911209
7.63033413887
3.47960495949
2.46618008614
3.9414229393
6.01098513603
2.31580996513
