3.62888097763
4.02991294861
2.25802397728
3.57807612419
5.55519604683
10.4577889442
3.93005299568
5.95088601112
3.93806600571
2.31055903435
3.67260694504
3.9825220108
3.92628908157
3.98109006882
8.27005982399
3.68619298935
5.95322203636
6.25559592247
15.5363969803
4.03664302826
3.47571706772
14.4170780182
3.99471688271
70.2068791389
7.1657538414
9.99751710892
1.50583291054
17.8705258369
2.51520705223
2.62108898163
7.2205760479
4.03992891312
7.98310613632
11.8855469227
6.61591815948
3.33019113541
3.97873306274
11.8301439285
65.6334929466
3.93384599686
2.26629495621
6.00338387489
11.6277658939
11.8327879906
8.03143310547
3.98632502556
7.88606905937
7.9852848053
6.26442503929
3.63107514381
3.98697590828
2.66815209389
2.76889300346
22.3478541374
2.31113409996
3.63241696358
3.98413610458
11.8805279732
6.07198596001
69.4322180748
6.06320405006
3.88661813736
6.66905498505
3.27385401726
2.31258606911
3.67844319344
3.97520089149
7.93625020981
3.88542604446
4.03401398659
3.98723602295
3.98894309998
3.93568587303
2.31166195869
3.67904400826
2.26244091988
7.5803360939
6.36934900284
7.63336110115
69.4434139729
6.05404901505
2.25933718681
3.67975306511
9.85495495796
8.02914881706
3.42338609695
2.00692105293
13.8751409054
10.4303519726
8.03738498688
3.93474602699
7.93050193787
7.92972207069
9.45848083496
2.4675590992
11.8792181015
1.55375790596
2.46188402176
7.99015402794
2.61676287651
