3.533411026
2.71804499626
21.5000970364
2.36197304726
3.22543907166
25.4005429745
1.95630288124
18.3783490658
69.4808759689
2.31441187859
3.67913508415
2.31359696388
5.96038794518
3.17278814316
2.76840782166
3.98407697678
7.92881894112
7.16706991196
14.3664968014
9.44435882568
6.46365189552
17.4062199593
10.376306057
5.97279691696
3.93356895447
5.5530269146
2.41043806076
3.53121900558
6.76954913139
7.58279109001
2.31571412086
5.19752001762
9.90988588333
3.17672991753
18.6691358089
11.9226009846
5.95614314079
11.1159989834
3.27223396301
11.8790369034
18.6585831642
6.7157599926
2.46523189545
37.7509100437
21.8524739742
7.47505807877
10.758783102
5.964427948
37.3415670395
2.36309719086
3.62941908836
22.1622638702
23.0674769878
2.76910090446
3.17035698891
2.46437382698
2.31353497505
13.5612411499
13.9524161816
10.2592639923
5.95499205589
6.32259702682
26.622636795
10.4187290668
7.90022492409
2.3642950058
5.96024894714
17.4930560589
9.98095202446
1.50583600998
6.39067316055
6.00458812714
6.68690299988
3.22562193871
14.2448730469
13.5723519325
3.93648219109
7.98387694359
10.2681109905
3.62504911423
1.55150008202
3.92934083939
2.46700596809
5.9541079998
3.98587107658
3.98244404793
3.93446397781
7.97811818123
2.30928683281
3.63108110428
14.6660599709
9.49610686302
29.4971220493
9.92451786995
11.4396030903
3.16964292526
1.60415315628
11.5978908539
17.9004709721
17.850922823
