3.88562393188
2.15978097916
3.88429498672
1.40365505219
2.82240200043
2.35958123207
1.96106290817
3.32292699814
2.26247310638
7.62657380104
3.98099708557
2.1680970192
2.11774802208
3.17089700699
2.61458992958
2.1639008522
3.68276309967
6.1255030632
3.86009001732
3.88515281677
2.06308197975
2.11750411987
3.84139204025
2.11685085297
5.92188692093
3.89385294914
3.94094014168
6.11777091026
3.83513784409
2.10660409927
7.77654099464
2.11044716835
6.10774588585
3.73084497452
3.92988586426
2.26191902161
3.88520216942
7.87894797325
2.5619699955
3.27383899689
2.1109149456
3.88338899612
2.15838599205
4.03804802895
3.63085007668
2.21269702911
3.98394703865
3.87819099426
3.37265586853
10.5635330677
2.16223812103
3.17370986938
2.56494402885
2.11399817467
3.83302211761
2.10507202148
2.11396098137
7.72818803787
10.0051388741
3.88276004791
4.0384619236
2.51525402069
3.32452702522
4.13581180573
3.77606511116
3.4871339798
2.5656170845
2.05987215042
3.32486987114
2.51342821121
2.11105895042
6.12012004852
3.73532819748
2.2123529911
3.98247599602
5.84675002098
6.06112289429
3.98452305794
3.62789416313
4.089427948
2.05678915977
3.88674521446
6.20771098137
3.63167190552
65.6300880909
3.42716693878
2.51398515701
2.11377382278
7.83746290207
1.40456795692
2.66736912727
3.27754306793
2.56314086914
2.26781487465
1.14705395699
2.46521091461
2.16107702255
3.83271503448
5.9541220665
2.31443500519
