9.90680408478
17.0918159485
2.76154899597
5.20526981354
18.6556789875
3.98056507111
21.855093956
7.12935304642
6.77007699013
5.95485186577
2.36299991608
29.4025931358
30.1827521324
25.4468801022
2.35838103294
44.5197761059
86.2154369354
11.1121258736
63.5900239944
2.81645011902
5.90946602821
3.17270994186
3.98251914978
2.01001691818
1.95777010918
13.9002790451
2.00650382042
5.95367503166
7.9351041317
10.7657477856
3.93370699883
7.98283910751
13.8648061752
17.0966370106
35.7756330967
14.6682140827
13.9503891468
33.7530500889
5.95781207085
5.1498260498
9.96141409874
30.5656480789
44.8809921741
2.01466012001
3.92762804031
2.82115387917
7.93394398689
11.9413170815
10.3075299263
9.95911192894
4.74610805511
17.092017889
9.54723882675
7.12713694572
7.92950201035
17.9137089252
7.88925719261
9.96345090866
32.5873901844
40.8945097923
6.76592993736
19.0726218224
3.98434495926
6.77425098419
6.31112313271
11.5490179062
3.96140694618
3.19501590729
5.94726896286
6.75772213936
9.14897108078
2.76605796814
2.36644697189
7.57778477669
1.95621800423
5.96020293236
32.1873719692
9.56645202637
5.95026993752
113.246121883
14.2573640347
3.58621907234
23.0353560448
7.17346191406
2.77509093285
66.769081831
5.94646692276
11.5254039764
9.90962910652
21.856402874
6.00637292862
10.2632210255
32.5846009254
10.7687969208
26.9672269821
13.9384038448
2.81390309334
17.8558139801
7.93103408813
13.0935370922
