3.73500490189
3.93157792091
2.20827198029
3.68060088158
2.21317696571
3.7385571003
3.99076390266
2.20919108391
3.73535084724
2.20831680298
3.22531795502
2.71877598763
3.72675585747
4.23805093765
3.78524208069
3.93202805519
2.21063494682
3.97636198997
3.98123288155
3.98509097099
3.68392515182
2.25576591492
3.98183703423
3.6779718399
2.25972986221
2.05619215965
3.16926908493
2.71391296387
2.46259713173
3.52123403549
3.82830095291
4.08397102356
4.03940391541
7.77442193031
3.3217549324
6.76628804207
1.20137095451
2.61952280998
2.16211295128
3.62856292725
4.03198599815
2.26327300072
3.98392796516
3.68017101288
2.20637512207
3.77933812141
3.93351602554
2.25497698784
3.67895007133
2.2623500824
3.83518505096
6.05956602097
65.3730518818
2.04823589325
2.20812010765
1.95426797867
2.01639103889
3.65694499016
2.21833586693
3.83341884613
2.10585188866
3.98083901405
3.88721299171
2.11280798912
3.9781730175
3.83109092712
3.88004207611
2.16173505783
3.87824416161
3.98418807983
2.16346502304
3.17230892181
1.9591550827
2.61312603951
2.16238284111
3.9294219017
3.98810100555
4.03496193886
3.78054380417
3.97609496117
2.16460990906
3.88256406784
2.05678510666
2.00824308395
3.62392902374
2.31588506699
7.92832493782
3.73055386543
2.26067709923
3.88830399513
3.98165202141
3.87895417213
4.13481020927
1.20363211632
64.0272431374
2.30725812912
1.20001006126
2.76795601845
2.01210999489
3.62723088264
